0 15 68 36 5 100 3 9 21 78 80 86 86 40 71 29 55 57 48 81 22 17 34 5 34
15 0 28 44 35 25 41 47 79 73 2 58 54 94 98 72 99 31 87 92 56 67 66 14 82
68 28 0 63 58 100 40 54 39 44 80 43 64 73 27 72 40 56 98 18 9 13 37 79 28
36 44 63 0 54 55 81 63 4 21 9 82 76 86 52 99 78 49 28 17 96 10 7 100 13
5 35 58 54 0 32 17 71 50 88 91 29 79 69 88 95 14 72 77 33 57 14 5 69 79
100 25 100 55 32 0 30 44 76 39 98 46 53 5 54 76 11 16 37 4 82 84 77 64 58
3 41 40 81 17 30 0 18 50 77 58 75 53 99 85 43 54 89 65 86 96 35 14 80 64
9 47 54 63 71 44 18 0 8 3 76 34 23 79 77 89 39 68 41 11 50 42 68 100 72
21 79 39 4 50 76 50 8 0 71 86 32 88 45 26 98 72 6 15 71 42 51 94 17 19
78 73 44 21 88 39 77 3 71 0 57 51 16 16 50 36 22 11 74 81 53 72 64 51 8
80 2 80 9 91 98 58 76 86 57 0 46 78 55 80 33 68 34 15 68 49 75 43 44 30
86 58 43 82 29 46 75 34 32 51 46 0 50 51 85 20 4 15 48 1 42 57 9 48 51
86 54 64 76 79 53 53 23 88 16 78 50 0 73 69 32 80 17 46 19 39 19 66 23 68
40 94 73 86 69 5 99 79 45 16 55 51 73 0 11 45 25 44 16 75 66 93 77 15 26
71 98 27 52 88 54 85 77 26 50 80 85 69 11 0 53 86 97 19 98 59 50 98 81 46
29 72 72 99 95 76 43 89 98 36 33 20 32 45 53 0 97 17 94 10 25 53 28 73 98
55 99 40 78 14 11 54 39 72 22 68 4 80 25 86 97 0 18 73 6 25 53 73 65 75
57 31 56 49 72 16 89 68 6 11 34 15 17 44 97 17 18 0 65 37 35 70 13 73 17
48 87 98 28 77 37 65 41 15 74 15 48 46 16 19 94 73 65 0 12 64 6 50 45 22
81 92 18 17 33 4 86 11 71 81 68 1 19 75 98 10 6 37 12 0 27 57 72 2 84
22 56 9 96 57 82 96 50 42 53 49 42 39 66 59 25 25 35 64 27 0 32 66 43 58
17 67 13 10 14 84 35 42 51 72 75 57 19 93 50 53 53 70 6 57 32 0 1 93 83
34 66 37 7 5 77 14 68 94 64 43 9 66 77 98 28 73 13 50 72 66 1 0 76 40
5 14 79 100 69 64 80 100 17 51 44 48 23 15 81 73 65 73 45 2 43 93 76 0 58
34 82 28 13 79 58 64 72 19 8 30 51 68 26 46 98 75 17 22 84 58 83 40 58 0
